3.300000000000001266e-01 9.280328013855476676e-03 1.598419426182119685e-02 9.999999999999999124e-05
3.485606560277109134e-01 9.802294608066388498e-03 1.577463965875681648e-02 9.999999999999999124e-05
3.681652452438438639e-01 1.035361890655883688e-02 1.589888195639427640e-02 9.999999999999999124e-05
3.888724830569613711e-01 1.093595211615508433e-02 1.577116448298556892e-02 9.999999999999999124e-05
4.107443872892715397e-01 1.155103831483186329e-02 1.589272197298582587e-02 9.999999999999999124e-05
4.338464639189354433e-01 1.220071967520957625e-02 1.572178666507000402e-02 9.999999999999999124e-05
4.582479032693546062e-01 1.288694198182160910e-02 1.565597354573885353e-02 9.999999999999999124e-05
4.840217872329977689e-01 1.361176045871193008e-02 1.555975344498547464e-02 9.999999999999999124e-05
5.112453081504213515e-01 1.437734592478917550e-02 1.555925205210221228e-02 9.999999999999999124e-05
5.400000000000000355e-01 1.437734592478917550e-02 1.584746588276053289e-02 9.999999999999999124e-05
5.900000000000000799e-01 1.675476221211075201e-02 1.615193855827801173e-02 9.999999999999999124e-05
6.235095244242215839e-01 1.770636240460016220e-02 1.590300991517826570e-02 9.999999999999999124e-05
6.589222492334219083e-01 1.871200949521206747e-02 1.572782626007243958e-02 9.999999999999999124e-05
6.963462682238460433e-01 1.977477312098513407e-02 1.573016213114466696e-02 9.999999999999999124e-05
7.358958144658163114e-01 2.089789726146223936e-02 1.581576975214786171e-02 9.999999999999999124e-05
7.776916089887407901e-01 2.208481014061042247e-02 1.573352414484838896e-02 9.999999999999999124e-05
8.218612292699613020e-01 2.333913469113768624e-02 1.575491246732220810e-02 9.999999999999999124e-05
8.685394986522370075e-01 2.466469961312556247e-02 1.551586593544093846e-02 9.999999999999999124e-05
9.178688978784881325e-01 2.606555106075597594e-02 1.567780439115352281e-02 9.999999999999999124e-05
9.700000000000000844e-01 2.606555106075597594e-02 1.603699747787892468e-02 9.999999999999999124e-05
1.130000000000001226e+00 9.707883020958591250e-03 1.609854040136754830e-02 4.999999999999999562e-05
1.149415766041918419e+00 9.874684778035767649e-03 1.603192598950318321e-02 4.999999999999999562e-05
1.169165135597989291e+00 1.004435253855617827e-02 1.609129193416120041e-02 4.999999999999999562e-05
1.189253840675102314e+00 1.021693554645985470e-02 1.592695871104837443e-02 4.999999999999999562e-05
1.209687711768022034e+00 1.039248389180080778e-02 1.588357817459870938e-02 4.999999999999999562e-05
1.230472679551623649e+00 1.057104852528556460e-02 1.578077971748622146e-02 4.999999999999999562e-05
1.251614776602194778e+00 1.075268127305839538e-02 1.570294443945715115e-02 4.999999999999999562e-05
1.273120139148311569e+00 1.093743485175068843e-02 1.588167314308530642e-02 4.999999999999999562e-05
1.294995008851812957e+00 1.112536288376874717e-02 1.575119303707699439e-02 4.999999999999999562e-05
1.317245734619350461e+00 1.131651991286841685e-02 1.588797946406400596e-02 4.999999999999999562e-05
1.339878774445087073e+00 1.151096141998075861e-02 1.625025603327597337e-02 4.999999999999999562e-05
1.362900697285048812e+00 1.170874383931508160e-02 1.645178417480997260e-02 4.999999999999999562e-05
1.386318184963678979e+00 1.190992457473905031e-02 1.630978219029650955e-02 4.999999999999999562e-05
1.410138034113157079e+00 1.211456201643812403e-02 1.647003489505009799e-02 4.999999999999999562e-05
1.434367158146032883e+00 1.232271555786412440e-02 1.653804589079075488e-02 4.999999999999999562e-05
1.459012589261761583e+00 1.253444561297267258e-02 1.651532047575183376e-02 4.999999999999999562e-05
1.484081480487706495e+00 1.274981363375715659e-02 1.644202153744801082e-02 4.999999999999999562e-05
1.509581107755221252e+00 1.296888212808555707e-02 1.628618885939351474e-02 4.999999999999999562e-05
1.535518872011392366e+00 1.319171467784008289e-02 1.632828852522163338e-02 4.999999999999999562e-05
1.561902301367072532e+00 1.341837595737838118e-02 1.609489954224153224e-02 4.999999999999999562e-05
1.588739053281829294e+00 1.364893175229076050e-02 1.604970642315515367e-02 4.999999999999999562e-05
1.616036916786410815e+00 1.388344897850712391e-02 1.591748971352950279e-02 4.999999999999999562e-05
1.643803814743425074e+00 1.412199570171202012e-02 1.585037625029782349e-02 4.999999999999999562e-05
1.672047806146849114e+00 1.436464115710101019e-02 1.581569066303363177e-02 4.999999999999999562e-05
1.700777088461051134e+00 1.461145576947442404e-02 1.578704214456037175e-02 4.999999999999999562e-05
1.729999999999999982e+00 1.461145576947442404e-02 1.604815262582516208e-02 4.999999999999999562e-05
